[Accuracy: 45.1% for 1000 games with 10 bombs, total time: 69.06s, average time per game: 0.07s]
lost,0,1,0.3,2
won,1,1,0.1,7
won,2,1,0.1,20
won,3,1,0.13,27
won,4,1,0.17,24
lost,4,2,0.05,2
won,5,2,0.1,24
won,6,2,0.08,26
lost,6,3,0.11,25
lost,6,4,0.08,8
lost,6,5,0.1,15
lost,6,6,0.05,2
lost,6,7,0.04,3
lost,6,8,0.06,6
won,7,8,0.11,19
lost,7,9,0.05,6
lost,7,10,0.03,2
lost,7,11,0.04,5
won,8,11,0.13,33
won,9,11,0.11,26
lost,9,12,0.07,8
lost,9,13,0.13,30
lost,9,14,0.04,1
won,10,14,0.13,34
won,11,14,0.14,35
won,12,14,0.15,36
lost,12,15,0.04,3
lost,12,16,0.07,14
won,13,16,0.08,18
won,14,16,0.15,29
won,15,16,0.1,20
won,16,16,0.12,20
won,17,16,0.12,21
won,18,16,0.13,22
lost,18,17,0.05,3
lost,18,18,0.07,9
lost,18,19,0.07,14
won,19,19,0.09,14
lost,19,20,0.08,7
lost,19,21,0.04,1
lost,19,22,0.04,2
won,20,22,0.1,18
lost,20,23,0.04,1
lost,20,24,0.05,9
lost,20,25,0.05,4
lost,20,26,0.04,1
lost,20,27,0.06,8
won,21,27,0.12,20
lost,21,28,0.1,20
won,22,28,0.14,43
lost,22,29,0.04,2
lost,22,30,0.04,2
lost,22,31,0.07,11
lost,22,32,0.04,3
won,23,32,0.09,21
won,24,32,0.09,22
lost,24,33,0.05,2
lost,24,34,0.04,1
won,25,34,0.13,26
lost,25,35,0.04,2
lost,25,36,0.03,1
won,26,36,0.1,24
won,27,36,0.12,27
lost,27,37,0.05,8
won,28,37,0.12,33
lost,28,38,0.03,1
won,29,38,0.12,37
won,30,38,0.12,37
won,31,38,0.12,38
won,32,38,0.13,39
lost,32,39,0.08,15
lost,32,40,0.05,2
won,33,40,0.2,31
lost,33,41,0.05,2
lost,33,42,0.05,4
lost,33,43,0.05,2
won,34,43,0.09,14
lost,34,44,0.04,1
lost,34,45,0.04,1
won,35,45,0.09,27
won,36,45,0.12,27
won,37,45,0.13,24
won,38,45,0.1,18
lost,38,46,0.08,44
lost,38,47,0.03,1
won,39,47,0.06,20
lost,39,48,0.03,1
won,40,48,0.1,34
won,41,48,0.12,34
lost,41,49,0.04,6
lost,41,50,0.03,3
won,42,50,0.08,23
won,43,50,0.11,31
won,44,50,0.11,34
won,45,50,0.13,28
lost,45,51,0.08,17
won,46,51,0.1,18
won,47,51,0.1,22
lost,47,52,0.03,2
lost,47,53,0.07,10
lost,47,54,0.07,4
lost,47,55,0.03,1
lost,47,56,0.1,19
lost,47,57,0.03,5
lost,47,58,0.03,5
won,48,58,0.09,27
won,49,58,0.12,20
lost,49,59,0.07,4
lost,49,60,0.1,22
won,50,60,0.09,25
won,51,60,0.09,26
won,52,60,0.1,13
lost,52,61,0.03,1
lost,52,62,0.05,8
lost,52,63,0.05,3
lost,52,64,0.04,1
lost,52,65,0.05,8
won,53,65,0.1,15
won,54,65,0.12,15
won,55,65,0.12,16
won,56,65,0.11,30
lost,56,66,0.03,1
won,57,66,0.07,16
lost,57,67,0.03,1
won,58,67,0.1,25
won,59,67,0.12,24
won,60,67,0.11,25
lost,60,68,0.04,3
won,61,68,0.09,19
won,62,68,0.09,23
won,63,68,0.1,20
lost,63,69,0.04,1
lost,63,70,0.06,6
lost,63,71,0.04,5
lost,63,72,0.04,1
lost,63,73,0.03,1
won,64,73,0.11,27
won,65,73,0.11,39
won,66,73,0.09,28
won,67,73,0.1,29
lost,67,74,0.1,20
lost,67,75,0.06,11
lost,67,76,0.04,4
won,68,76,0.1,24
won,69,76,0.1,18
lost,69,77,0.04,5
lost,69,78,0.06,11
lost,69,79,0.06,8
lost,69,80,0.1,17
won,70,80,0.1,21
won,71,80,0.08,18
lost,71,81,0.04,8
won,72,81,0.1,24
won,73,81,0.08,26
lost,73,82,0.03,2
lost,73,83,0.05,11
lost,73,84,0.07,22
won,74,84,0.1,33
won,75,84,0.08,17
won,76,84,0.08,23
lost,76,85,0.03,2
lost,76,86,0.05,3
lost,76,87,0.03,3
won,77,87,0.08,25
won,78,87,0.08,26
lost,78,88,0.02,1
won,79,88,0.07,26
won,80,88,0.07,28
lost,80,89,0.03,2
lost,80,90,0.04,9
won,81,90,0.09,16
won,82,90,0.08,29
lost,82,91,0.08,23
lost,82,92,0.05,3
won,83,92,0.07,26
won,84,92,0.07,19
won,85,92,0.08,19
won,86,92,0.08,20
won,87,92,0.08,21
lost,87,93,0.02,1
won,88,93,0.1,38
lost,88,94,0.02,1
lost,88,95,0.07,13
won,89,95,0.07,11
won,90,95,0.09,28
lost,90,96,0.07,7
won,91,96,0.1,20
won,92,96,0.1,21
won,93,96,0.12,22
lost,93,97,0.03,2
lost,93,98,0.02,4
won,94,98,0.07,18
lost,94,99,0.03,1
won,95,99,0.08,24
lost,95,100,0.03,2
lost,95,101,0.03,1
won,96,101,0.07,18
lost,96,102,0.03,1
lost,96,103,0.05,9
lost,96,104,0.03,3
won,97,104,0.08,23
won,98,104,0.1,33
won,99,104,0.08,24
won,100,104,0.1,25
lost,100,105,0.03,2
lost,100,106,0.09,22
lost,100,107,0.05,8
lost,100,108,0.03,3
won,101,108,0.07,27
lost,101,109,0.08,20
lost,101,110,0.03,2
lost,101,111,0.03,2
lost,101,112,0.03,2
won,102,112,0.07,14
won,103,112,0.1,20
won,104,112,0.1,28
lost,104,113,0.04,3
won,105,113,0.08,27
won,106,113,0.07,14
won,107,113,0.1,30
lost,107,114,0.03,6
lost,107,115,0.03,6
won,108,115,0.08,24
lost,108,116,0.03,1
won,109,116,0.07,14
lost,109,117,0.12,41
won,110,117,0.11,21
lost,110,118,0.07,12
lost,110,119,0.03,3
lost,110,120,0.03,3
won,111,120,0.08,29
lost,111,121,0.03,2
lost,111,122,0.04,5
lost,111,123,0.03,1
lost,111,124,0.02,3
won,112,124,0.08,24
won,113,124,0.08,24
won,114,124,0.08,25
won,115,124,0.1,26
won,116,124,0.08,26
lost,116,125,0.04,1
lost,116,126,0.04,2
lost,116,127,0.03,1
lost,116,128,0.03,2
won,117,128,0.07,13
won,118,128,0.07,13
lost,118,129,0.03,1
won,119,129,0.08,19
won,120,129,0.09,29
won,121,129,0.1,32
lost,121,130,0.04,8
lost,121,131,0.03,2
won,122,131,0.1,24
lost,122,132,0.03,2
won,123,132,0.1,29
won,124,132,0.11,29
lost,124,133,0.03,6
lost,124,134,0.03,1
lost,124,135,0.05,2
lost,124,136,0.02,1
won,125,136,0.08,23
lost,125,137,0.03,3
won,126,137,0.1,23
lost,126,138,0.03,2
won,127,138,0.08,16
won,128,138,0.1,36
won,129,138,0.08,20
lost,129,139,0.07,11
lost,129,140,0.03,2
won,130,140,0.08,18
lost,130,141,0.05,6
lost,130,142,0.03,2
lost,130,143,0.05,4
lost,130,144,0.03,1
lost,130,145,0.03,1
won,131,145,0.09,26
lost,131,146,0.04,1
lost,131,147,0.09,21
lost,131,148,0.04,3
lost,131,149,0.04,3
lost,131,150,0.04,2
lost,131,151,0.05,4
lost,131,152,0.03,1
lost,131,153,0.04,1
won,132,153,0.1,25
lost,132,154,0.08,24
lost,132,155,0.04,3
lost,132,156,0.07,13
lost,132,157,0.04,3
won,133,157,0.08,20
lost,133,158,0.03,2
lost,133,159,0.03,2
lost,133,160,0.08,13
lost,133,161,0.05,1
lost,133,162,0.03,1
lost,133,163,0.05,6
lost,133,164,0.03,1
lost,133,165,0.03,3
lost,133,166,0.03,1
won,134,166,0.1,31
lost,134,167,0.05,10
lost,134,168,0.02,2
won,135,168,0.08,13
lost,135,169,0.03,2
won,136,169,0.08,28
lost,136,170,0.03,2
lost,136,171,0.1,27
lost,136,172,0.03,1
won,137,172,0.07,23
won,138,172,0.08,24
won,139,172,0.05,11
won,140,172,0.1,27
lost,140,173,0.03,1
lost,140,174,0.07,17
lost,140,175,0.08,17
lost,140,176,0.03,2
lost,140,177,0.03,1
lost,140,178,0.03,4
lost,140,179,0.03,1
lost,140,180,0.02,1
won,141,180,0.07,17
won,142,180,0.09,28
lost,142,181,0.03,2
lost,142,182,0.03,2
won,143,182,0.07,19
won,144,182,0.08,18
lost,144,183,0.04,1
won,145,183,0.09,31
won,146,183,0.11,27
lost,146,184,0.03,1
won,147,184,0.09,29
won,148,184,0.09,21
lost,148,185,0.04,4
lost,148,186,0.04,2
won,149,186,0.1,24
won,150,186,0.09,30
won,151,186,0.08,20
won,152,186,0.09,23
lost,152,187,0.05,9
won,153,187,0.11,21
won,154,187,0.09,23
lost,154,188,0.04,3
won,155,188,0.13,28
lost,155,189,0.04,4
lost,155,190,0.05,10
lost,155,191,0.04,4
won,156,191,0.1,20
won,157,191,0.11,33
won,158,191,0.08,27
won,159,191,0.1,29
won,160,191,0.11,22
lost,160,192,0.08,20
lost,160,193,0.03,1
won,161,193,0.08,29
won,162,193,0.1,27
won,163,193,0.07,26
won,164,193,0.08,22
lost,164,194,0.09,21
lost,164,195,0.03,6
lost,164,196,0.02,1
lost,164,197,0.03,4
won,165,197,0.07,20
lost,165,198,0.05,4
lost,165,199,0.04,1
lost,165,200,0.03,2
lost,165,201,0.07,19
won,166,201,0.08,28
won,167,201,0.1,34
lost,167,202,0.03,1
won,168,202,0.1,21
won,169,202,0.07,13
won,170,202,0.1,19
won,171,202,0.08,21
lost,171,203,0.03,2
won,172,203,0.1,12
lost,172,204,0.04,2
lost,172,205,0.04,2
lost,172,206,0.05,2
won,173,206,0.11,19
lost,173,207,0.07,15
lost,173,208,0.04,3
lost,173,209,0.09,14
lost,173,210,0.04,1
won,174,210,0.09,29
won,175,210,0.07,23
won,176,210,0.1,29
won,177,210,0.1,29
won,178,210,0.1,30
won,179,210,0.08,20
lost,179,211,0.03,1
lost,179,212,0.03,1
lost,179,213,0.03,1
lost,179,214,0.03,1
lost,179,215,0.03,3
lost,179,216,0.08,17
won,180,216,0.12,24
won,181,216,0.09,17
won,182,216,0.08,19
won,183,216,0.08,32
lost,183,217,0.03,2
lost,183,218,0.02,3
lost,183,219,0.04,8
won,184,219,0.09,21
won,185,219,0.09,27
won,186,219,0.05,12
won,187,219,0.11,34
lost,187,220,0.04,2
won,188,220,0.07,17
lost,188,221,0.03,2
lost,188,222,0.03,2
lost,188,223,0.03,2
lost,188,224,0.06,9
won,189,224,0.1,22
lost,189,225,0.04,4
won,190,225,0.11,28
lost,190,226,0.09,22
won,191,226,0.1,22
lost,191,227,0.07,10
lost,191,228,0.04,1
lost,191,229,0.08,20
won,192,229,0.1,24
lost,192,230,0.04,8
won,193,230,0.12,29
won,194,230,0.13,29
won,195,230,0.14,30
won,196,230,0.14,31
lost,196,231,0.03,1
lost,196,232,0.04,3
won,197,232,0.11,27
lost,197,233,0.04,2
lost,197,234,0.06,8
won,198,234,0.07,21
won,199,234,0.1,22
lost,199,235,0.06,8
lost,199,236,0.03,2
lost,199,237,0.1,24
won,200,237,0.12,29
lost,200,238,0.06,20
won,201,238,0.09,28
won,202,238,0.08,21
lost,202,239,0.02,2
lost,202,240,0.04,8
lost,202,241,0.03,1
won,203,241,0.1,30
lost,203,242,0.04,4
won,204,242,0.11,24
lost,204,243,0.04,10
lost,204,244,0.03,3
lost,204,245,0.05,8
lost,204,246,0.03,1
won,205,246,0.07,12
lost,205,247,0.03,1
lost,205,248,0.11,33
lost,205,249,0.03,2
won,206,249,0.09,28
won,207,249,0.07,18
lost,207,250,0.04,2
lost,207,251,0.04,3
won,208,251,0.09,28
won,209,251,0.09,22
lost,209,252,0.04,3
lost,209,253,0.05,6
won,210,253,0.08,27
lost,210,254,0.03,1
won,211,254,0.09,14
lost,211,255,0.04,5
lost,211,256,0.03,1
won,212,256,0.1,34
lost,212,257,0.03,2
won,213,257,0.1,20
won,214,257,0.11,20
lost,214,258,0.04,8
won,215,258,0.08,23
lost,215,259,0.03,1
lost,215,260,0.11,32
lost,215,261,0.04,2
lost,215,262,0.03,2
lost,215,263,0.04,1
won,216,263,0.12,30
won,217,263,0.08,28
won,218,263,0.08,18
won,219,263,0.12,32
won,220,263,0.1,28
lost,220,264,0.03,2
lost,220,265,0.03,1
lost,220,266,0.03,1
won,221,266,0.08,13
won,222,266,0.12,26
won,223,266,0.1,28
won,224,266,0.08,29
lost,224,267,0.03,4
lost,224,268,0.03,2
won,225,268,0.07,16
won,226,268,0.07,7
won,227,268,0.1,29
lost,227,269,0.06,9
lost,227,270,0.05,9
lost,227,271,0.07,11
won,228,271,0.08,23
lost,228,272,0.04,4
won,229,272,0.1,29
won,230,272,0.09,25
lost,230,273,0.04,1
lost,230,274,0.04,1
won,231,274,0.08,19
lost,231,275,0.05,9
lost,231,276,0.03,3
won,232,276,0.1,21
lost,232,277,0.03,1
won,233,277,0.12,30
lost,233,278,0.03,1
lost,233,279,0.03,1
won,234,279,0.05,13
lost,234,280,0.03,2
won,235,280,0.08,23
lost,235,281,0.02,1
won,236,281,0.1,22
won,237,281,0.08,21
won,238,281,0.08,22
won,239,281,0.08,17
lost,239,282,0.07,13
won,240,282,0.09,32
lost,240,283,0.03,3
lost,240,284,0.12,27
won,241,284,0.11,28
lost,241,285,0.03,2
lost,241,286,0.04,3
lost,241,287,0.04,1
won,242,287,0.09,12
lost,242,288,0.09,15
lost,242,289,0.04,2
lost,242,290,0.03,1
lost,242,291,0.04,2
lost,242,292,0.04,1
lost,242,293,0.08,10
won,243,293,0.07,19
won,244,293,0.08,19
lost,244,294,0.04,8
lost,244,295,0.03,1
lost,244,296,0.04,3
lost,244,297,0.04,1
lost,244,298,0.04,1
won,245,298,0.1,28
lost,245,299,0.04,2
lost,245,300,0.04,3
won,246,300,0.07,19
lost,246,301,0.03,1
lost,246,302,0.03,5
won,247,302,0.07,18
won,248,302,0.1,22
lost,248,303,0.1,26
lost,248,304,0.05,2
lost,248,305,0.03,2
won,249,305,0.09,22
won,250,305,0.09,16
lost,250,306,0.08,10
lost,250,307,0.07,4
won,251,307,0.11,23
lost,251,308,0.04,1
won,252,308,0.09,24
won,253,308,0.1,24
won,254,308,0.1,25
lost,254,309,0.03,2
lost,254,310,0.03,3
lost,254,311,0.07,13
lost,254,312,0.04,1
lost,254,313,0.05,3
won,255,313,0.11,25
won,256,313,0.08,8
won,257,313,0.1,22
lost,257,314,0.04,5
won,258,314,0.1,18
lost,258,315,0.1,13
won,259,315,0.08,16
lost,259,316,0.09,19
won,260,316,0.11,28
won,261,316,0.12,28
lost,261,317,0.08,14
won,262,317,0.08,21
lost,262,318,0.08,7
lost,262,319,0.03,3
lost,262,320,0.03,6
won,263,320,0.08,14
lost,263,321,0.03,2
lost,263,322,0.08,11
lost,263,323,0.04,2
lost,263,324,0.07,23
won,264,324,0.07,25
won,265,324,0.07,16
lost,265,325,0.03,2
lost,265,326,0.03,1
lost,265,327,0.03,2
lost,265,328,0.03,6
won,266,328,0.07,22
lost,266,329,0.03,3
lost,266,330,0.03,3
lost,266,331,0.04,3
won,267,331,0.08,26
lost,267,332,0.07,9
lost,267,333,0.03,4
won,268,333,0.08,24
won,269,333,0.07,14
won,270,333,0.08,26
won,271,333,0.08,32
lost,271,334,0.05,2
won,272,334,0.1,27
won,273,334,0.09,26
lost,273,335,0.03,1
lost,273,336,0.05,4
won,274,336,0.12,37
won,275,336,0.07,12
won,276,336,0.1,25
lost,276,337,0.03,3
lost,276,338,0.04,3
lost,276,339,0.05,8
won,277,339,0.11,31
won,278,339,0.08,19
won,279,339,0.08,23
lost,279,340,0.07,15
won,280,340,0.08,12
won,281,340,0.1,32
won,282,340,0.1,34
won,283,340,0.11,35
won,284,340,0.09,23
lost,284,341,0.03,1
lost,284,342,0.05,3
lost,284,343,0.04,1
lost,284,344,0.06,13
lost,284,345,0.05,2
won,285,345,0.11,30
won,286,345,0.12,31
lost,286,346,0.02,2
lost,286,347,0.02,2
lost,286,348,0.04,4
won,287,348,0.1,19
won,288,348,0.08,17
won,289,348,0.11,20
lost,289,349,0.04,1
lost,289,350,0.03,2
lost,289,351,0.04,7
lost,289,352,0.05,13
lost,289,353,0.09,19
lost,289,354,0.03,4
won,290,354,0.12,33
lost,290,355,0.06,8
lost,290,356,0.04,1
lost,290,357,0.02,1
won,291,357,0.07,20
lost,291,358,0.03,1
won,292,358,0.1,26
won,293,358,0.1,24
won,294,358,0.12,24
won,295,358,0.07,12
lost,295,359,0.07,12
lost,295,360,0.04,1
won,296,360,0.1,24
won,297,360,0.09,29
won,298,360,0.1,26
won,299,360,0.09,21
won,300,360,0.11,33
lost,300,361,0.03,1
lost,300,362,0.04,5
lost,300,363,0.04,1
won,301,363,0.11,33
lost,301,364,0.02,2
lost,301,365,0.03,1
lost,301,366,0.04,5
lost,301,367,0.05,8
lost,301,368,0.09,17
lost,301,369,0.09,19
won,302,369,0.08,17
won,303,369,0.08,27
lost,303,370,0.03,1
won,304,370,0.07,19
lost,304,371,0.03,3
won,305,371,0.1,14
lost,305,372,0.03,2
won,306,372,0.05,12
won,307,372,0.11,31
won,308,372,0.11,28
lost,308,373,0.04,4
won,309,373,0.11,27
lost,309,374,0.05,3
won,310,374,0.11,22
won,311,374,0.08,18
won,312,374,0.08,18
lost,312,375,0.04,1
lost,312,376,0.12,34
won,313,376,0.08,29
lost,313,377,0.05,3
lost,313,378,0.04,4
lost,313,379,0.1,33
won,314,379,0.1,22
won,315,379,0.11,22
lost,315,380,0.03,3
lost,315,381,0.04,3
won,316,381,0.1,24
lost,316,382,0.03,5
won,317,382,0.1,22
lost,317,383,0.03,1
lost,317,384,0.04,2
lost,317,385,0.04,2
lost,317,386,0.08,15
lost,317,387,0.1,27
won,318,387,0.11,21
won,319,387,0.12,24
lost,319,388,0.12,30
won,320,388,0.12,27
lost,320,389,0.06,12
lost,320,390,0.08,22
won,321,390,0.1,24
lost,321,391,0.04,1
won,322,391,0.13,31
won,323,391,0.1,24
lost,323,392,0.03,2
lost,323,393,0.07,25
won,324,393,0.12,31
lost,324,394,0.04,1
lost,324,395,0.04,3
lost,324,396,0.03,1
won,325,396,0.08,20
lost,325,397,0.08,20
lost,325,398,0.07,21
lost,325,399,0.11,22
lost,325,400,0.04,4
lost,325,401,0.06,13
lost,325,402,0.06,12
lost,325,403,0.04,8
won,326,403,0.08,16
won,327,403,0.07,23
lost,327,404,0.03,1
lost,327,405,0.04,3
lost,327,406,0.04,2
lost,327,407,0.04,2
lost,327,408,0.03,5
won,328,408,0.12,32
won,329,408,0.12,27
won,330,408,0.1,11
won,331,408,0.1,13
lost,331,409,0.04,3
lost,331,410,0.03,1
won,332,410,0.1,31
won,333,410,0.12,24
lost,333,411,0.02,3
won,334,411,0.06,17
lost,334,412,0.07,10
lost,334,413,0.05,2
lost,334,414,0.03,1
lost,334,415,0.04,2
won,335,415,0.1,24
lost,335,416,0.03,4
lost,335,417,0.05,5
lost,335,418,0.05,2
lost,335,419,0.04,2
lost,335,420,0.04,2
won,336,420,0.1,28
lost,336,421,0.04,3
lost,336,422,0.05,2
won,337,422,0.11,20
won,338,422,0.1,17
lost,338,423,0.04,8
lost,338,424,0.04,6
lost,338,425,0.04,1
lost,338,426,0.03,3
lost,338,427,0.04,9
lost,338,428,0.03,1
lost,338,429,0.03,3
lost,338,430,0.03,2
won,339,430,0.09,29
won,340,430,0.1,30
won,341,430,0.1,33
lost,341,431,0.05,9
won,342,431,0.1,23
won,343,431,0.11,24
lost,343,432,0.04,3
lost,343,433,0.1,29
won,344,433,0.07,13
lost,344,434,0.06,8
lost,344,435,0.05,3
lost,344,436,0.03,1
lost,344,437,0.03,5
lost,344,438,0.03,2
won,345,438,0.07,10
won,346,438,0.08,11
won,347,438,0.07,21
lost,347,439,0.05,10
lost,347,440,0.04,5
won,348,440,0.07,22
won,349,440,0.09,21
won,350,440,0.1,26
won,351,440,0.09,23
lost,351,441,0.04,3
won,352,441,0.1,16
won,353,441,0.09,20
won,354,441,0.1,21
lost,354,442,0.08,22
won,355,442,0.1,23
won,356,442,0.1,23
won,357,442,0.12,24
won,358,442,0.12,25
lost,358,443,0.05,2
won,359,443,0.12,20
lost,359,444,0.04,6
lost,359,445,0.05,1
won,360,445,0.08,30
lost,360,446,0.03,1
won,361,446,0.1,34
won,362,446,0.1,34
lost,362,447,0.12,20
won,363,447,0.1,18
won,364,447,0.08,30
lost,364,448,0.08,29
lost,364,449,0.03,1
lost,364,450,0.07,10
lost,364,451,0.05,6
lost,364,452,0.03,1
lost,364,453,0.04,3
won,365,453,0.11,15
won,366,453,0.09,28
won,367,453,0.07,12
won,368,453,0.1,21
won,369,453,0.09,20
won,370,453,0.1,20
lost,370,454,0.03,1
lost,370,455,0.03,1
won,371,455,0.09,41
lost,371,456,0.03,1
lost,371,457,0.03,5
won,372,457,0.08,17
won,373,457,0.08,18
won,374,457,0.1,16
won,375,457,0.14,34
won,376,457,0.12,28
won,377,457,0.07,6
lost,377,458,0.08,26
lost,377,459,0.03,2
won,378,459,0.07,6
won,379,459,0.1,34
lost,379,460,0.04,8
won,380,460,0.09,16
won,381,460,0.1,31
lost,381,461,0.04,1
lost,381,462,0.04,5
won,382,462,0.1,39
lost,382,463,0.12,34
won,383,463,0.11,27
lost,383,464,0.05,8
lost,383,465,0.06,13
won,384,465,0.11,23
lost,384,466,0.08,19
lost,384,467,0.03,1
lost,384,468,0.04,5
lost,384,469,0.04,1
lost,384,470,0.04,4
won,385,470,0.06,15
lost,385,471,0.04,2
lost,385,472,0.04,2
won,386,472,0.1,25
won,387,472,0.11,25
won,388,472,0.12,26
won,389,472,0.12,27
won,390,472,0.13,28
lost,390,473,0.05,6
won,391,473,0.09,15
won,392,473,0.09,20
lost,392,474,0.08,12
won,393,474,0.09,34
won,394,474,0.11,35
won,395,474,0.06,17
won,396,474,0.08,32
won,397,474,0.07,30
won,398,474,0.08,30
won,399,474,0.08,31
won,400,474,0.1,26
won,401,474,0.08,14
lost,401,475,0.04,3
lost,401,476,0.03,8
lost,401,477,0.07,8
lost,401,478,0.03,2
lost,401,479,0.07,16
lost,401,480,0.03,8
won,402,480,0.08,31
won,403,480,0.1,31
won,404,480,0.08,26
lost,404,481,0.03,2
lost,404,482,0.03,3
won,405,482,0.1,23
won,406,482,0.1,25
won,407,482,0.08,17
lost,407,483,0.02,1
lost,407,484,0.05,20
won,408,484,0.09,36
won,409,484,0.08,12
lost,409,485,0.03,5
lost,409,486,0.03,1
lost,409,487,0.02,2
won,410,487,0.07,32
won,411,487,0.07,19
lost,411,488,0.05,8
lost,411,489,0.03,1
won,412,489,0.08,16
won,413,489,0.08,16
won,414,489,0.1,29
lost,414,490,0.04,4
lost,414,491,0.04,3
lost,414,492,0.03,2
lost,414,493,0.09,17
lost,414,494,0.03,2
lost,414,495,0.02,1
lost,414,496,0.04,4
lost,414,497,0.09,22
won,415,497,0.06,19
lost,415,498,0.07,25
lost,415,499,0.03,4
lost,415,500,0.05,8
lost,415,501,0.03,4
won,416,501,0.1,27
won,417,501,0.07,28
won,418,501,0.08,25
lost,418,502,0.04,3
lost,418,503,0.03,3
lost,418,504,0.04,1
lost,418,505,0.03,2
lost,418,506,0.03,1
lost,418,507,0.03,5
lost,418,508,0.09,17
lost,418,509,0.04,3
lost,418,510,0.03,4
won,419,510,0.1,36
lost,419,511,0.03,1
won,420,511,0.08,28
lost,420,512,0.03,3
won,421,512,0.1,21
lost,421,513,0.03,1
lost,421,514,0.03,1
lost,421,515,0.03,2
lost,421,516,0.03,1
won,422,516,0.08,23
lost,422,517,0.03,2
lost,422,518,0.05,4
lost,422,519,0.05,10
won,423,519,0.07,14
lost,423,520,0.04,4
lost,423,521,0.03,8
lost,423,522,0.03,2
lost,423,523,0.03,5
lost,423,524,0.07,30
won,424,524,0.08,30
won,425,524,0.1,31
won,426,524,0.11,31
won,427,524,0.11,32
won,428,524,0.11,33
lost,428,525,0.03,3
lost,428,526,0.05,3
lost,428,527,0.05,2
lost,428,528,0.05,3
won,429,528,0.13,28
lost,429,529,0.08,21
lost,429,530,0.03,1
lost,429,531,0.05,1
won,430,531,0.1,28
lost,430,532,0.03,1
won,431,532,0.09,25
lost,431,533,0.02,1
won,432,533,0.08,21
won,433,533,0.07,19
lost,433,534,0.05,2
lost,433,535,0.08,16
won,434,535,0.08,20
lost,434,536,0.05,9
lost,434,537,0.05,3
lost,434,538,0.04,2
lost,434,539,0.03,1
won,435,539,0.08,21
won,436,539,0.1,31
won,437,539,0.1,31
won,438,539,0.1,32
won,439,539,0.07,20
won,440,539,0.08,22
won,441,539,0.1,29
won,442,539,0.1,24
lost,442,540,0.08,16
lost,442,541,0.03,1
lost,442,542,0.04,1
lost,442,543,0.09,20
won,443,543,0.07,17
won,444,543,0.09,17
won,445,543,0.07,11
won,446,543,0.08,14
lost,446,544,0.07,15
lost,446,545,0.03,2
lost,446,546,0.05,1
lost,446,547,0.03,2
won,447,547,0.1,25
won,448,547,0.08,20
lost,448,548,0.07,18
won,449,548,0.1,32
won,450,548,0.08,13
won,451,548,0.08,14
lost,451,549,0.03,3
